100015679024335
100015734850177
100015555013638
100015726420729
100015543285755
100015728970423
100015679294401
100015513858368
100015620829170
100015540375920
100015634628135
100015630188254
100015728040585
100015728190571
100015648816958
100015511578295
100015535096550
100015628178729
100015522107554
100015549883558
100015604360685
100015666515465
100015699212719
100015520907776
100015549613410
100015680944404
100015693723153
100015518417953
100015711901806
100015563083312
100015651066621
100015502309115
100015727620512
100015712051749
100015654876321
100015726240757
100015641947481
100015650916755
100015655056398
100015676114541
100015735000001
100015681274207
100015615789799
100015519047761
100015708332052
100015622299210
100015619449416
100015541305892
100015703352467
100015634808179
100015713851704
100015697442995
100015579912644
100015714721626
100015718741291
100015649476923
100015572743244
100015621639174
100015691653513
100015696183125
100015577362745
100015659765979
100015506898764
100015565393135
100015676264738
100015515838122
100015669095361
100015510618374
100015600820921
100015563713316
100015620859275
100015505188942
100015714661567
100015726120767
100015652116662
100015709232057
100015712501716